-11.575175349151303
7.8390146201013975
-14.59041641675755
7.213645502824012
-8.8691793021794
-2.1996319111232467
-13.438391836271308
1.9826915769490687
-5.009928552052119
-11.02655142936443
6.314554844997951
-11.151813329436743
0.2704855819839792
-10.22646980347094
-0.24470421670923037
-8.468277556631786
-14.614309732199597
-5.523448075102085
1.641030431872556
0.7132941397829413
1.1706336580873495
0.004935875070392691
0.07806490490017974
-0.01826642522540532
0.0876717447930966
0.06621819889441924
0.12065935522984253
-0.019073463805581763
-2.1608812752975375
1.5016515043628165
-3.612717500714494
2.82862950281655
-1.396669689063503
-0.9685876853600383
-2.5744491844941173
0.1544159772657195
-1.4520946935290482
-3.988299863843433
2.9929119644564044
-4.706079960735894
-0.18177490271996394
-5.644206398025361
0.11676482181636146
-3.504518613884998
-5.463850653932762
-1.694600053557632
0.8975591594307799
0.3170561738911406
0.6910470378609995
0.20075109244220032
-0.0917359156233304
-0.07915370078890312
-0.1137795974011825
0.01451491218798116
0.28299497265978246
0.09515209988598314
0.0933350605914815
0.037232862521888475
-0.02392637266916309
0.1382307723210209
0.08412235175792224
-0.02189291079033
0.00025121679847953836
-0.0588331123437269
-0.010072387620221994
-0.06143046243046519
0.04323869924893468
-0.03844370545358656
-0.03383856777374805
-0.14865861037907696
-0.011229832261705753
0.060690102055710154
0.14827831329397728
0.039675579254644155
-0.08609095419500593
-0.02022527754246877
-0.014900975006765911
-0.008750832910014267
-0.02112239888191614
0.00025583672766374714
0.0035683087545547204
-0.005235915890207226
-0.00022774670073382654
0.004909574845299355
-1.22346609571358
3.6814704729995062
-6.3127123281271
6.26779238594929
0.8000486989260557
-2.0850878860437705
-2.112113080038811
0.24405833302652954
-3.0404031295183787
-4.372102611038127
4.601080221523724
-6.5813575308934915
-0.5156389267645123
-10.459805259742648
-0.2666450523467977
-1.7030328226443257
-1.8708781070209881
0.27097148018440226
-0.5998373813162695
0.27546168000043386
0.6046708837018537
-0.39784613277024017
-0.018207564999141796
-0.44344351173510194
0.34539310591937344
0.3207874249459968
0.2648351626308926
0.35828857717836576
