-0.1482425673986296
-0.10608950586759547
-0.1382988732410689
0.21806034377076727
0.032912923753228795
-0.0335990030378952
0.10566096246550986
-0.13481081143874563
-0.021658960005298926
-0.029633414053318805
0.16759034669102318
-0.23698082672239373
-0.010662921413159072
-0.38152515788015967
0.051260065100373266
-0.09319069466972169
-0.03237874215583901
0.11264359437989009
0.088709495027695
-0.03452761083607816
0.2413100511003024
-0.05144929084565424
-0.033356522937005154
-0.07095391061191982
0.02243321723842897
-0.021940354379639773
0.02854517967823464
0.17303972237736642
